-8.560000000000000000e+02
-8.285532132773155354e+02
-8.016861794388979661e+02
-7.753928075771905242e+02
-7.496670067846365555e+02
-7.245026861536794058e+02
-6.998937547767625347e+02
-6.758341217463292878e+02
-6.523176961548227837e+02
-6.293383870946867091e+02
-6.068901036583640689e+02
-5.849667549382984362e+02
-5.635622500269331567e+02
-5.426704980167116901e+02
-5.222854080000772683e+02
-5.024008890694730667e+02
-4.830108503173426584e+02
-4.641092008361293324e+02
-4.456898497182764913e+02
-4.277467060562274810e+02
-4.102736789424255903e+02
-3.932646774693142220e+02
-3.767136107293367218e+02
-3.606143878149364355e+02
-3.449609178185567657e+02
-3.297471098326408878e+02
-3.149668729496324318e+02
-3.006141162619745160e+02
-2.866827488621106568e+02
-2.731666798424840863e+02
-2.600598182955382072e+02
-2.473560733137164220e+02
-2.350493539894619914e+02
-2.231335694152183748e+02
-2.116026286834287760e+02
-2.004504408865367111e+02
-1.896709151169854124e+02
-1.792579604672183109e+02
-1.692054860296787524e+02
-1.595074008968100259e+02
-1.501576141610554771e+02
-1.411500349148585940e+02
-1.324785722506626371e+02
-1.241371352609109522e+02
-1.161196330380469419e+02
-1.084199746745139095e+02
-1.010320692627552432e+02
-9.394982589521427485e+01
-8.716715366433437850e+01
-8.067796166255885737e+01
-7.447615898233114251e+01
-6.855565471609453709e+01
-6.291035795629238692e+01
-5.753417779536807330e+01
-5.242102332576493495e+01
-4.756480363992633897e+01
-4.295942783029562406e+01
-3.859880498931615023e+01
-3.447684420943127037e+01
-3.058745458308434451e+01
-2.692454520271871843e+01
-2.348202516077774149e+01
-2.025380354970478081e+01
-1.723378946194317507e+01
-1.441589198993628784e+01
-1.179402022612747203e+01
-9.362083262960078756e+00
-7.113990192877464480e+00
-5.043650108322980330e+00
-3.144972101739977433e+00
-1.411865265571814021e+00
1.617613077381578890e-01
1.581998525746587170e+00
2.854937296010116476e+00
3.986668526085393793e+00
4.983283123529063552e+00
5.850871995897774624e+00
6.595526050748174995e+00
7.223336195636905543e+00
7.740393338120617805e+00
8.152788385755959766e+00
8.466612246099568750e+00
8.687955826708098073e+00
8.822910035138193052e+00
8.877565778946499009e+00
8.858013965689663038e+00
8.770345502924332237e+00
8.620651298207151925e+00
8.415022259094769197e+00
8.159549293143829374e+00
7.860323307910981327e+00
7.523435210952869490e+00
7.154975909826140068e+00
6.761036312087440159e+00
6.347707325293415970e+00
5.921079857000713709e+00
5.487244814765980472e+00
5.052293106145861579e+00
4.622315638697004125e+00
4.203403319976054320e+00
3.801647057539658370e+00
3.423137758944462927e+00
3.073966331747114200e+00
2.760223683504259284e+00
2.488000721772543500e+00
2.263388354108613498e+00
2.092477488069116376e+00
1.981359031210697896e+00
1.936123891090004712e+00
1.962862975263683030e+00
2.067667191288379058e+00
2.256627446720739449e+00
2.535834649117410855e+00
2.911379706035039483e+00
3.389353525030271097e+00
3.975847013659753237e+00
4.676951079480131668e+00
5.498756630048052152e+00
6.447354572920161786e+00
7.528835815653108554e+00
8.749291265803535111e+00
1.011481183092809033e+01
1.163148841858342131e+01
1.330541193632617336e+01
1.514267329171299181e+01
1.714936339230052198e+01
1.933157314564541451e+01
2.169539345930431651e+01
2.424691524083386795e+01
2.699222939779071595e+01
2.993742683773151469e+01
3.308859846821290773e+01
3.645183519679153505e+01
4.003322793102404376e+01
4.383886757846708804e+01
4.787484504667731500e+01
5.214725124321135752e+01
5.666217707562587691e+01
6.142571345147750606e+01
6.644395127832291337e+01
7.172298146371871042e+01
7.726889491522157982e+01
8.308778254038813316e+01
8.918573524677506725e+01
9.556884394193896526e+01
1.022431995334365098e+02
1.092148929288243551e+02
1.164900150356591269e+02
1.240746567614974794e+02
1.319749090138960526e+02
1.401968627004115149e+02
1.487466087286005063e+02
1.576302380060196242e+02
1.668538414402255796e+02
1.764235099387749699e+02
1.863453344092245345e+02
1.966254057591307571e+02
2.072698148960504341e+02
2.182846527275401627e+02
2.296760101611565972e+02
2.414499781044565054e+02
2.536126474649960301e+02
2.661701091503326211e+02
2.791284540680220516e+02
2.924937731256218285e+02
3.062721572306876965e+02
3.204696972907773329e+02
3.350924842134462551e+02
3.501466089062522542e+02
3.656381622767508475e+02
3.815732352324997692e+02
3.979579186810546503e+02
4.147983035299731682e+02
4.321004806868107835e+02
4.498705410591254577e+02
4.681145755544724807e+02
4.868386750804098142e+02
5.060489305444929187e+02
5.257514328542796420e+02
5.459522729173253310e+02
5.666575416411878905e+02
5.878733299334226103e+02
6.096057287015877364e+02
6.318608288532382176e+02
6.546447212959324133e+02
6.779634969372252726e+02
7.018232466846750413e+02
7.262300614458367818e+02
7.511900321282689674e+02
7.767092496395260923e+02
8.027938048871670844e+02
8.294497887787464379e+02
8.566832922218227395e+02
8.845004061239507109e+02
9.129072213926890527e+02
9.419098289355922589e+02
9.715143196602192575e+02
1.001726784474124429e+03
1.032553314284866474e+03
1.064000000000000000e+03
